10
0 266.475 538.105 675.364 543.399 412.08 393.89 286.19 758.555 575.348 
266.475 0 675.115 486.519 276.957 423.019 622.656 539.807 554.505 379.971 
538.105 675.115 0 731.7 886.12 949.859 769.259 396.025 820.039 690.41 
675.364 486.519 731.7 0 405.08 902.704 1068.79 851.754 92.1792 106.55 
543.399 276.957 886.12 405.08 0 577.997 881.331 813.034 429.689 323.65 
412.08 423.019 949.859 902.704 577.997 0 443.199 637.897 961.512 797.023 
393.89 622.656 769.259 1068.79 881.331 443.199 0 374.021 1150.69 967.563 
286.19 539.807 396.025 851.754 813.034 637.897 374.021 0 942.654 767.673 
758.555 554.505 820.039 92.1792 429.689 961.512 1150.69 942.654 0 183.221 
575.348 379.971 690.41 106.55 323.65 797.023 967.563 767.673 183.221 0 
685 593
420 565
916 107
185 139
144 542
528 974
960 875
956 501
96 115
237 232
